100
100
100
18 45 98 49 51 99 22 5 83 61 50 77 47 91 86 69 31 43 64 1 38 69 33 49 1 31 27 85 78 11 31 53 75 81 96 41 92 35 17 81 5 21 8 53 76 31 32 57 65 1 34 97 51 87 86 21 90 37 68 41 1 75 70 17 81 79 53 81 11 81 98 77 83 89 26 9 69 9 29 41 45 89 87 29 21 27 1 77 94 11 65 29 43 37 81 5 84 71 45 1 
64 4 27 18 92 86 22 38 19 72 20 54 62 60 57 22 54 22 35 42 65 60 77 54 77 46 92 38 32 82 32 70 49 68 92 78 10 28 74 22 91 60 97 74 62 70 8 22 15 2 43 18 30 84 77 54 38 68 18 2 60 30 18 50 52 78 59 6 36 92 55 74 51 26 2 90 35 62 2 22 94 18 76 90 77 56 13 34 10 42 21 58 68 36 42 78 85 72 60 2 
80 19 82 83 23 45 101 39 90 53 44 83 51 43 48 99 64 71 48 83 75 5 60 75 78 85 43 3 48 43 96 87 10 59 53 55 82 45 82 3 68 51 35 51 73 3 45 75 28 53 62 83 67 99 98 83 3 87 69 83 76 29 37 79 43 79 49 67 52 23 27 51 102 19 78 43 61 3 87 63 64 43 61 47 98 69 80 59 13 63 14 11 25 83 68 47 71 43 14 3 
15 52 37 60 39 90 89 76 39 74 69 44 14 40 54 72 94 74 15 4 69 14 24 72 29 76 97 28 97 14 44 96 13 92 34 12 30 68 62 64 42 50 96 4 54 72 36 32 36 54 21 44 84 72 19 40 34 98 60 24 34 80 99 84 74 26 99 24 79 14 101 36 42 78 29 32 21 100 26 64 66 40 19 84 4 64 41 80 32 94 61 12 69 42 59 16 91 28 32 4 
13 7 13 61 45 57 68 21 75 85 74 13 97 25 90 85 81 69 67 25 56 7 8 29 80 23 88 77 32 5 14 9 94 95 90 101 16 65 89 45 39 47 30 25 50 55 40 17 10 5 35 17 5 33 65 45 36 79 90 5 32 87 103 93 60 91 51 13 93 45 47 49 86 61 55 69 22 101 66 25 59 21 14 45 20 29 31 69 35 95 20 29 99 75 95 69 31 85 10 5 
77 12 73 94 16 26 26 62 92 6 76 30 58 84 61 90 69 18 89 46 45 94 92 18 31 68 29 46 7 56 90 98 65 80 51 58 51 92 64 66 67 20 90 46 76 34 93 94 19 56 7 6 97 80 21 14 13 38 26 66 19 22 95 98 26 96 100 14 58 86 20 82 39 10 31 10 35 26 29 46 67 16 35 14 31 66 78 82 20 26 78 86 31 42 71 54 102 38 50 6 
27 19 90 79 42 7 38 39 80 77 73 35 45 53 87 51 49 67 65 87 58 51 64 7 57 95 95 7 39 47 47 103 95 17 92 59 101 69 67 27 96 77 78 91 67 57 47 19 29 7 68 83 39 49 12 75 70 55 69 67 26 55 93 79 52 43 50 23 87 47 85 95 93 35 7 79 51 79 69 7 79 79 32 35 52 81 20 51 76 47 26 19 49 81 57 99 17 85 42 7 
49 52 95 32 103 28 103 104 74 58 66 40 104 56 38 8 73 38 78 88 44 82 67 40 8 26 20 92 53 98 95 12 26 58 28 40 49 78 58 28 41 92 72 40 48 18 40 44 89 8 78 12 19 8 18 80 91 92 84 68 22 70 104 24 103 40 57 88 99 38 47 100 90 84 8 56 89 92 15 68 21 88 74 84 103 32 16 104 95 98 58 104 30 102 83 52 23 48 82 8 
27 105 80 41 29 69 39 57 15 69 84 45 101 55 99 101 84 27 42 49 51 31 23 97 34 35 79 93 36 19 73 105 95 85 64 93 101 89 70 9 46 103 108 77 39 93 27 97 93 59 101 105 90 27 49 73 55 25 91 89 99 103 86 17 59 85 102 89 59 49 32 93 43 59 34 81 93 57 11 9 94 21 32 61 104 51 92 29 71 69 60 101 66 39 34 33 76 27 31 9 
23 62 29 30 80 106 98 78 92 10 76 62 29 24 35 102 95 80 19 30 102 44 39 78 10 70 108 94 46 90 52 22 87 64 70 70 79 30 33 30 93 60 28 54 20 42 87 66 92 60 30 70 99 20 70 74 48 12 97 50 96 76 107 26 10 44 34 86 44 60 82 102 10 60 35 74 59 68 87 90 74 16 72 26 95 80 78 54 105 30 78 86 46 106 105 18 105 74 43 10 
33 33 104 71 51 59 76 15 87 51 102 43 34 93 36 15 66 99 80 31 83 17 68 95 86 107 95 99 108 41 32 35 83 47 66 95 59 81 44 71 88 31 47 91 71 53 106 39 98 11 82 59 28 95 36 39 41 91 83 31 46 95 17 71 16 71 70 35 91 101 27 103 52 109 36 67 30 33 53 91 25 33 81 91 96 77 17 11 89 61 25 55 99 15 21 99 95 81 50 11 
83 56 64 72 107 46 16 24 67 22 23 96 28 18 97 108 49 48 30 52 75 102 52 96 62 56 87 80 58 82 68 52 37 50 27 16 33 84 34 52 33 76 43 52 32 76 110 28 17 62 55 80 36 72 37 100 73 12 94 92 111 80 38 76 72 102 75 108 51 102 71 64 24 46 12 80 95 94 100 92 76 48 111 20 22 104 16 16 42 62 83 100 50 74 97 96 101 96 78 12 
107 63 104 93 58 59 68 33 49 23 79 109 23 19 68 65 85 95 44 53 30 93 31 25 13 75 90 13 20 23 22 17 99 79 23 49 61 85 45 73 37 67 106 29 53 21 25 37 104 63 109 33 54 25 68 85 45 69 107 13 101 47 30 109 43 15 109 45 89 53 52 37 72 21 63 53 67 83 93 73 95 109 41 49 48 55 99 93 72 43 93 53 13 49 33 53 87 35 70 13 
111 22 106 34 14 110 57 110 49 34 98 50 20 66 34 14 28 104 93 34 110 96 37 62 14 26 41 34 46 14 14 94 66 72 64 90 46 32 111 34 66 34 58 38 89 96 24 98 37 64 96 26 82 54 64 70 106 70 80 54 59 80 21 14 79 106 89 46 16 64 107 78 78 54 14 22 106 30 101 94 24 110 100 18 24 40 97 102 45 24 47 86 54 106 39 98 85 112 68 14 
30 105 24 79 75 35 43 43 57 35 26 43 97 45 40 59 74 59 32 95 40 23 15 79 90 63 56 35 18 95 53 103 93 95 85 107 103 45 63 35 71 39 37 95 70 15 45 103 22 15 50 31 23 95 90 107 105 67 40 55 91 85 48 47 55 25 31 31 62 75 46 111 94 47 15 111 38 65 75 95 28 19 30 91 40 97 100 35 53 55 22 55 54 81 65 87 91 43 98 15 
21 18 39 68 106 92 89 100 115 16 113 48 74 56 71 48 19 42 44 76 75 102 69 96 16 46 96 40 55 106 39 36 83 22 31 36 110 18 113 76 26 98 55 56 101 34 16 64 44 66 63 16 32 108 61 16 110 92 16 96 93 94 79 84 41 88 22 100 82 16 84 48 90 92 91 44 23 60 71 76 20 84 25 68 66 46 76 32 102 26 111 76 57 114 21 104 26 86 50 16 
20 93 27 85 92 77 95 49 109 87 19 25 93 89 57 73 53 71 108 57 108 65 40 93 17 65 29 85 112 87 87 93 54 71 47 69 23 17 103 37 104 81 99 93 97 89 111 81 60 67 105 29 82 51 102 101 102 101 96 57 96 105 70 45 92 83 51 33 83 27 53 85 25 41 92 37 24 67 18 57 19 43 29 25 47 65 86 113 94 87 37 61 108 35 77 81 107 65 73 17 
83 28 54 98 58 110 79 46 24 48 77 34 32 48 33 22 90 76 73 98 85 60 84 98 93 88 94 66 43 78 112 42 46 64 28 102 101 100 30 18 86 104 71 26 73 58 115 94 53 68 69 54 50 90 98 74 108 38 105 78 35 56 72 42 103 100 116 58 110 78 58 78 40 94 93 78 34 100 116 38 18 68 115 110 38 86 81 54 107 68 88 94 99 28 48 62 34 98 30 18 
75 37 56 59 54 59 53 19 89 29 80 47 54 21 84 27 41 89 91 19 78 31 40 51 69 71 115 91 48 49 91 71 117 47 54 35 67 53 23 59 111 61 95 55 74 29 58 71 41 69 60 27 64 43 79 23 19 31 40 19 97 39 65 75 74 51 116 19 32 39 89 91 106 33 69 67 36 45 86 39 77 19 54 91 89 103 38 83 85 39 116 55 29 91 104 55 78 31 72 19 
113 36 100 84 110 46 91 88 64 60 52 28 35 62 90 60 103 52 46 100 41 30 108 104 95 90 47 28 25 20 54 92 69 28 70 96 106 92 74 20 117 68 44 44 60 94 86 116 23 70 85 112 92 112 110 44 70 20 83 100 93 82 23 104 20 22 39 100 51 70 53 88 119 106 70 44 47 82 71 40 47 82 40 96 80 114 27 88 110 20 24 84 112 108 70 32 51 62 117 20 
105 93 51 69 76 89 38 77 89 31 50 65 60 23 36 105 61 77 72 41 52 119 61 25 71 67 66 45 58 41 104 93 54 105 31 89 77 45 76 61 25 23 41 25 91 37 22 57 70 21 63 89 48 53 46 81 27 39 50 61 112 91 26 57 61 37 63 49 36 111 111 25 112 73 21 105 114 59 101 61 115 85 81 77 41 89 57 109 110 91 52 25 30 43 31 57 71 77 53 21 
62 62 97 26 42 96 103 38 93 82 100 22 94 76 47 22 72 72 32 42 81 28 95 82 72 86 22 82 32 102 111 86 24 104 57 58 81 62 40 62 71 24 67 118 97 46 22 90 104 22 79 22 29 62 102 102 68 32 67 42 115 48 67 22 92 28 102 26 112 102 47 102 44 42 97 106 60 108 61 102 94 54 64 38 107 96 38 26 80 92 64 38 64 38 22 30 57 24 69 22 
38 103 51 59 38 53 117 39 109 63 112 79 38 57 108 63 53 55 56 63 29 111 79 75 98 51 81 75 69 113 103 27 57 103 68 115 71 23 67 63 117 111 36 99 58 81 29 119 113 73 78 39 100 85 48 75 59 59 70 43 114 107 82 115 83 65 85 79 43 83 33 71 98 115 23 55 89 105 72 83 31 101 53 103 103 33 41 67 94 103 50 63 36 105 63 55 83 83 68 23 
60 24 108 44 44 24 63 24 53 44 106 64 33 34 114 68 55 76 59 84 25 24 90 72 24 78 123 24 55 74 92 52 95 122 74 28 46 56 80 104 51 118 53 116 84 68 27 104 121 24 105 88 33 62 104 96 57 92 92 104 97 82 80 48 54 102 45 56 105 74 56 108 78 104 74 28 34 76 112 84 82 116 86 36 104 104 33 120 80 104 78 64 101 114 74 52 40 70 75 24 
113 103 89 105 75 109 49 105 64 95 28 93 112 39 95 97 26 109 113 45 57 81 104 65 25 39 29 97 83 35 57 81 69 29 35 117 41 89 110 25 107 43 72 101 65 77 44 121 55 75 72 69 31 71 35 101 82 33 76 105 52 59 27 101 45 105 32 109 73 65 81 33 49 61 100 77 53 97 53 25 88 31 57 57 115 119 39 53 34 65 104 69 89 99 25 109 30 73 80 25 
31 116 74 62 66 102 63 106 94 116 75 78 35 82 91 110 81 68 99 26 26 82 70 90 51 66 72 34 28 116 84 118 58 116 121 94 40 36 125 86 97 64 60 34 26 106 110 122 71 26 47 42 99 80 116 114 79 58 58 66 74 68 113 38 26 92 97 118 86 56 84 30 112 92 76 106 85 72 32 66 91 90 74 50 26 96 58 86 55 56 75 50 88 122 106 86 60 114 75 26 
75 55 110 83 52 83 86 55 118 27 107 31 38 111 67 87 113 29 107 107 123 95 50 123 52 39 43 59 120 87 101 107 89 103 107 91 42 103 102 27 74 99 31 43 77 121 29 67 38 77 36 39 66 87 27 35 60 83 82 107 29 93 55 99 102 85 33 75 80 27 99 119 51 99 102 47 118 53 121 67 77 35 109 79 92 73 57 35 116 47 75 35 96 63 107 107 126 77 84 27 
98 62 72 48 53 36 81 108 37 48 96 60 100 74 53 100 55 112 79 108 58 36 121 116 53 80 102 100 69 118 45 52 86 62 113 80 31 118 34 108 93 54 29 96 33 76 124 68 101 28 28 40 99 74 68 52 90 104 106 28 97 68 74 36 63 70 53 48 90 78 34 44 106 34 103 100 92 56 41 28 110 78 102 76 73 52 119 124 102 98 56 72 41 52 48 116 35 78 117 28 
58 97 102 45 94 111 67 53 62 109 99 93 59 123 124 125 60 123 29 109 123 43 93 85 79 77 128 53 83 69 122 49 74 33 124 89 115 77 73 109 74 73 38 41 44 55 61 33 91 29 49 49 122 49 39 101 116 51 56 29 70 111 126 73 54 97 89 121 125 29 121 81 69 39 29 105 47 101 46 49 111 109 113 53 94 91 107 29 115 39 64 33 93 125 114 113 39 61 68 29 
114 108 84 42 55 38 30 62 120 40 48 86 128 44 80 118 104 44 78 30 125 72 95 38 80 78 83 106 129 90 92 126 95 102 120 78 87 44 83 90 71 48 57 70 85 92 117 38 127 80 33 122 69 80 70 106 77 42 87 110 115 80 85 42 90 102 117 78 125 50 77 122 49 38 30 114 66 30 45 110 56 100 71 30 40 114 97 78 99 30 111 50 46 102 50 98 118 84 49 30 
75 107 77 35 76 75 111 79 121 121 97 79 91 97 91 51 50 45 123 31 84 89 60 55 106 121 38 103 85 51 39 59 58 55 121 59 38 51 88 71 35 85 51 51 91 105 53 119 78 31 40 47 121 91 76 47 73 53 37 71 129 67 55 83 76 125 118 31 79 101 85 103 130 111 56 39 76 57 112 91 116 127 70 47 81 53 95 55 37 121 122 99 66 109 36 119 121 47 108 31 
105 96 50 84 82 106 116 40 68 102 79 88 122 96 127 128 69 90 80 72 39 66 59 88 57 52 92 96 33 82 84 128 77 58 47 64 50 106 111 92 92 38 86 88 97 64 79 56 44 32 63 48 93 96 127 116 54 72 102 112 119 72 103 68 57 124 60 92 79 92 125 44 122 58 107 120 39 96 88 32 75 98 83 120 102 60 41 124 47 62 45 100 95 76 92 96 120 122 120 32 
93 119 122 125 83 99 75 125 57 63 91 125 78 119 43 89 66 81 43 73 52 45 39 121 83 81 78 129 104 33 77 93 111 65 98 105 68 93 40 113 40 41 70 109 128 105 126 61 89 83 35 89 48 77 38 81 112 101 49 93 47 71 70 109 53 97 68 69 107 43 131 85 110 117 58 33 65 67 46 73 52 131 102 105 43 83 115 113 56 43 84 85 37 39 38 125 96 113 98 33 
84 92 113 66 39 86 100 46 103 114 50 78 106 116 109 118 120 60 55 94 40 58 50 62 59 88 79 106 108 94 79 34 102 102 64 110 130 46 126 94 131 98 93 66 34 116 106 98 89 84 80 70 133 88 99 130 124 90 99 34 128 40 87 54 109 106 117 102 39 94 77 126 95 86 84 74 107 86 69 34 97 70 107 62 129 44 97 34 65 74 83 78 101 112 49 50 106 70 116 34 
44 101 125 35 120 43 44 91 50 125 97 131 86 119 45 115 52 51 37 55 43 125 68 75 35 65 75 67 113 45 86 115 118 63 130 79 55 97 115 55 89 117 107 127 65 103 103 83 45 85 118 91 70 127 120 103 57 115 123 55 41 105 112 75 75 97 99 39 74 95 50 59 96 107 35 71 112 133 64 35 124 105 75 99 110 111 64 51 43 35 102 63 75 109 45 43 107 57 130 35 
85 54 46 64 76 56 80 84 127 76 75 88 59 92 126 64 114 48 65 36 99 56 125 60 111 108 36 36 78 126 114 108 87 40 61 96 92 50 118 96 102 118 112 132 111 70 45 44 65 86 117 76 54 54 106 36 84 116 57 36 63 110 111 128 96 78 87 44 85 106 48 88 70 120 86 132 82 118 40 96 127 38 128 120 126 54 46 36 102 116 131 40 54 52 76 112 69 58 66 36 
59 45 101 129 97 63 56 45 101 97 134 125 93 81 57 65 79 91 66 57 99 99 121 109 37 75 79 105 87 37 50 77 129 41 72 109 129 93 82 117 113 133 80 37 87 55 120 125 76 37 87 49 128 39 47 93 93 45 75 77 83 97 68 125 67 103 54 61 58 127 58 41 116 103 87 65 83 55 120 97 134 61 128 41 127 67 127 85 76 57 111 77 70 113 47 93 126 67 63 37 
78 56 70 98 78 50 127 110 109 58 136 66 129 134 73 90 69 106 42 78 63 46 81 134 38 112 86 66 118 108 121 118 82 100 58 50 74 84 124 58 105 68 132 106 128 122 135 74 123 38 66 114 47 74 123 86 89 76 72 78 70 82 112 50 108 46 104 114 124 118 77 58 128 88 63 78 119 96 45 118 63 96 76 70 98 50 70 66 119 98 51 90 67 126 118 98 104 78 120 38 
42 83 117 63 104 111 119 131 84 99 62 99 85 131 129 43 136 133 55 99 138 85 66 131 89 71 95 71 82 129 59 95 118 39 44 39 87 75 106 59 48 57 105 107 64 115 123 51 104 39 128 103 40 123 44 103 59 125 107 119 56 71 67 135 124 115 48 51 129 119 77 95 45 101 64 95 68 115 83 119 78 119 109 123 109 137 106 79 69 89 138 39 68 91 64 119 124 131 42 39 
48 82 62 96 40 106 90 92 135 70 86 108 108 126 125 68 62 84 41 40 97 78 41 68 115 56 81 136 72 50 77 100 137 128 65 64 122 62 62 120 62 74 66 132 80 46 49 68 94 40 63 76 56 138 85 40 82 124 91 120 58 54 60 88 130 76 71 132 73 50 65 108 43 112 115 112 58 64 93 40 122 132 89 116 80 72 45 84 127 60 118 120 67 120 40 76 135 70 130 40 
93 77 64 101 71 71 108 57 83 121 48 65 62 93 116 57 94 99 60 101 102 81 65 61 66 85 102 77 44 51 54 137 81 51 101 53 63 71 118 61 46 55 50 113 81 53 70 85 135 41 46 109 134 69 56 85 136 93 72 101 99 75 109 81 81 87 101 137 57 101 53 57 96 111 66 101 47 77 51 121 132 57 50 69 136 137 122 65 140 41 115 101 91 89 76 77 122 63 104 41 
77 44 139 102 97 94 95 54 50 132 58 110 107 70 87 46 128 54 78 122 68 104 72 126 42 102 119 46 52 52 107 46 138 76 47 50 116 62 132 42 136 88 99 98 102 134 125 78 113 42 104 90 69 54 52 58 64 78 90 82 118 124 120 102 112 118 44 118 118 62 51 50 129 90 117 46 85 132 98 122 135 122 139 58 132 74 102 114 130 92 60 62 129 70 67 130 120 122 107 42 
103 45 51 135 83 125 115 43 54 123 131 51 75 55 93 131 120 45 50 63 109 49 104 71 93 109 51 87 71 43 73 123 109 67 63 55 123 73 89 63 67 77 70 95 53 95 104 51 112 93 61 83 74 57 58 103 69 111 64 83 122 71 53 83 98 93 92 43 139 123 142 123 96 119 68 71 84 123 113 83 44 67 86 71 78 131 112 139 57 43 45 83 87 43 118 115 74 109 82 43 
83 60 140 140 134 100 134 128 85 54 85 116 91 84 84 60 95 136 52 64 135 104 85 128 94 132 102 56 45 44 110 108 66 124 134 92 136 48 126 84 123 80 118 80 139 94 111 52 135 44 122 136 52 140 44 52 134 102 86 64 106 124 54 140 84 116 91 100 143 54 97 68 67 110 69 44 46 138 82 84 66 66 104 120 114 66 121 64 115 134 57 48 129 86 74 56 86 116 136 44 
107 47 100 113 45 125 87 121 129 105 119 81 134 71 115 89 90 49 50 125 47 63 99 137 120 101 141 61 69 65 50 49 75 125 60 49 104 75 142 65 81 65 84 89 60 81 137 125 109 95 61 117 51 53 110 125 89 59 132 45 118 135 119 109 120 133 56 125 108 95 90 101 92 101 70 57 102 83 135 125 69 113 107 53 105 55 74 49 72 105 63 77 54 69 100 49 137 93 51 45 
119 90 94 134 46 132 135 110 97 136 134 62 50 122 106 62 74 122 90 86 142 50 133 106 96 80 106 66 139 86 109 94 46 106 71 106 54 66 95 86 142 96 51 66 71 94 110 66 119 96 119 118 91 90 66 106 119 90 98 66 97 50 126 114 71 94 129 78 77 116 143 138 142 116 121 122 120 108 60 46 82 74 69 138 141 82 53 130 79 116 127 50 100 118 61 138 77 132 114 46 
143 107 82 87 67 105 116 59 127 107 99 83 67 137 62 91 108 129 57 127 135 49 109 135 72 61 84 139 143 57 81 119 70 83 117 59 127 81 117 127 137 113 140 47 117 139 101 47 87 47 113 91 93 79 97 87 104 49 134 47 88 85 57 79 52 91 69 83 146 107 135 87 100 59 72 127 69 109 137 107 114 113 139 119 107 103 78 143 104 67 134 95 91 85 67 47 85 125 130 47 
142 96 82 68 53 48 83 92 99 108 72 88 56 128 98 128 70 52 107 128 82 80 142 104 73 96 117 84 145 78 132 100 97 126 83 48 89 144 129 48 105 50 84 120 123 108 145 88 79 48 96 76 139 92 128 116 71 122 95 48 71 92 111 48 83 142 64 88 102 108 110 132 141 74 123 52 78 96 105 48 136 94 88 108 113 62 93 92 91 128 83 120 100 80 98 64 92 86 106 48 
112 147 62 113 144 91 108 101 51 139 87 137 137 121 109 129 77 129 82 69 74 113 142 109 124 111 64 121 94 139 136 85 146 65 129 129 115 85 58 49 78 61 145 125 69 63 121 89 92 99 89 85 101 141 94 113 145 139 121 109 147 87 89 101 124 71 86 93 104 109 106 109 116 143 124 105 116 119 82 89 56 61 143 137 129 91 76 53 145 119 111 85 143 103 114 105 111 139 114 49 
107 88 68 82 50 70 108 142 80 100 135 94 101 98 100 118 100 120 85 110 105 130 120 98 100 78 84 122 88 120 94 86 107 66 140 130 61 142 69 50 103 102 71 146 50 94 56 146 76 50 86 86 134 80 120 58 59 104 121 70 52 144 133 94 145 130 118 118 86 50 67 82 77 110 75 126 87 94 139 50 89 96 74 142 90 122 145 110 138 80 86 58 72 108 110 66 68 104 122 50 
75 111 58 75 136 73 92 143 150 121 53 63 145 93 121 123 69 75 112 71 89 55 100 95 51 139 67 83 89 51 124 111 142 113 66 87 141 51 71 91 141 75 62 63 66 67 128 67 130 101 103 123 91 103 141 115 92 77 94 111 51 147 108 75 71 127 90 143 110 91 127 91 64 101 101 87 76 97 102 91 97 131 127 131 141 139 130 135 87 121 104 95 71 129 101 83 63 61 52 51 
119 116 116 116 112 138 61 108 84 142 94 144 140 100 137 92 111 122 111 92 147 126 61 80 77 128 102 128 122 102 99 124 63 84 52 144 128 114 106 112 89 52 75 88 137 82 143 88 56 102 108 124 122 78 97 72 80 116 127 92 107 146 118 88 147 68 111 112 101 102 86 148 68 102 127 116 96 116 125 112 136 138 56 112 62 150 108 80 97 102 74 116 74 62 67 56 58 92 151 52 
111 149 142 117 113 91 109 77 123 83 118 85 137 125 58 129 140 105 83 73 152 137 80 125 53 65 109 93 141 93 95 53 121 147 93 81 75 125 64 133 63 83 123 113 108 109 90 69 53 103 87 121 87 113 128 105 102 55 123 113 59 57 138 89 68 125 138 69 142 73 65 117 102 103 128 57 63 117 111 93 147 125 143 129 68 139 81 137 53 73 114 141 53 65 98 141 63 83 78 53 
60 82 149 54 84 132 92 58 119 124 88 82 54 74 134 82 136 104 133 74 147 56 103 86 104 74 78 62 151 104 142 62 130 80 94 54 56 130 115 94 65 88 60 62 109 82 72 78 120 104 70 78 88 64 124 150 140 134 85 74 131 108 64 94 54 130 117 58 119 124 56 110 131 128 104 118 60 78 108 134 62 122 117 62 114 96 110 90 57 64 92 114 76 150 64 66 124 58 78 54 
57 151 66 119 85 123 141 79 61 65 104 91 106 113 70 139 141 75 153 55 118 123 97 115 130 97 137 83 120 145 126 123 76 59 100 123 86 95 154 95 58 59 103 143 135 145 97 63 81 55 81 123 141 111 140 131 132 147 84 135 73 109 131 143 55 115 75 151 70 85 150 67 71 121 80 95 90 123 90 75 115 153 78 63 80 109 139 131 123 65 125 67 95 61 110 115 71 79 131 55 
63 96 106 136 61 142 61 84 155 116 62 152 57 150 96 68 76 90 82 56 110 94 127 88 56 96 87 112 56 56 125 68 138 84 126 68 132 96 112 116 108 76 66 76 61 104 99 136 102 106 69 120 130 146 131 76 85 60 130 136 98 142 131 76 101 72 110 116 86 106 62 84 131 94 81 72 151 56 90 56 128 108 92 64 86 66 101 108 124 76 70 132 90 144 126 136 124 56 94 56 
131 75 156 137 97 131 58 145 121 147 144 65 127 135 112 149 152 97 87 77 78 103 70 149 82 93 63 77 127 97 83 117 135 137 92 105 143 115 77 137 88 79 117 81 107 129 110 129 81 107 80 93 84 119 82 145 124 105 124 117 137 69 110 73 127 139 110 73 71 117 69 153 98 101 107 105 60 143 149 77 79 141 67 85 127 99 88 125 64 77 58 129 134 93 102 101 136 141 76 57 
58 126 60 110 103 96 140 66 133 118 152 58 58 128 78 146 146 74 70 138 100 58 78 62 108 126 70 134 75 138 126 134 97 110 153 102 154 124 80 78 101 72 95 134 113 144 127 102 136 58 120 154 89 120 73 66 100 102 154 58 157 118 126 138 153 94 95 62 112 148 85 114 128 126 133 134 76 116 119 118 81 122 132 102 93 138 98 78 124 78 97 94 64 142 148 70 59 96 151 58 
97 121 84 99 144 121 125 75 109 119 63 147 71 103 79 111 128 85 132 139 69 119 125 103 84 97 83 99 88 59 66 103 140 99 139 59 70 87 119 139 90 141 101 95 99 141 107 151 69 109 63 119 120 127 149 107 116 155 91 79 145 73 126 131 69 111 103 143 132 129 149 99 95 59 134 147 96 83 157 59 140 145 134 75 114 127 84 67 148 89 130 75 112 133 124 87 77 109 116 59 
150 110 92 112 130 86 131 112 116 90 150 128 80 130 135 112 110 148 152 140 114 146 90 152 85 98 81 144 136 90 114 84 99 74 130 116 60 66 106 80 64 146 136 100 60 72 117 136 151 110 139 116 60 154 115 136 87 138 118 100 65 126 129 76 60 120 64 84 63 70 92 120 69 112 135 144 111 154 111 80 77 132 138 64 70 138 107 88 95 110 138 136 128 110 105 152 84 76 118 60 
119 145 61 93 86 79 114 109 114 61 143 93 111 63 86 73 105 153 143 61 89 103 121 113 136 147 86 137 96 131 93 93 107 73 61 133 66 131 118 101 102 103 123 125 71 123 133 81 61 61 149 149 63 147 156 69 76 61 132 61 80 145 135 149 71 111 87 125 145 111 123 81 89 115 136 109 155 147 123 61 144 153 110 85 116 149 86 69 155 71 82 133 79 113 121 109 69 83 125 61 
118 68 64 122 132 84 111 130 132 152 135 106 102 136 107 138 78 108 94 62 154 110 143 138 62 62 96 130 159 62 130 154 135 80 97 126 120 126 134 142 111 150 70 66 127 92 114 154 118 112 88 82 110 74 67 94 64 142 97 102 73 86 89 154 82 92 77 138 130 112 82 130 114 86 137 86 100 132 160 142 134 104 71 142 117 86 76 130 145 142 107 106 132 134 112 150 159 104 114 62 
73 115 83 127 113 147 72 111 135 93 125 79 70 125 153 83 160 71 140 63 139 71 65 143 88 101 78 159 146 133 150 135 140 145 93 139 111 77 91 103 66 91 93 115 158 81 81 151 68 63 103 103 160 95 83 63 80 127 146 83 110 75 123 159 63 73 160 107 128 73 105 111 101 121 88 95 131 137 106 143 66 77 139 99 108 103 64 79 145 113 77 87 107 109 103 159 131 109 75 63 
142 70 156 100 74 144 94 68 159 104 90 88 116 72 109 72 105 136 90 144 107 158 64 120 139 70 93 128 96 154 109 68 155 80 139 136 70 88 159 124 148 98 79 152 124 132 135 92 72 64 88 76 80 128 129 152 76 160 108 144 106 132 86 148 119 68 73 156 159 84 114 152 126 82 114 108 78 88 110 104 115 76 141 96 94 156 153 156 110 84 125 148 118 90 84 72 94 140 95 64 
133 69 86 161 115 105 104 69 104 85 115 141 71 71 75 125 114 159 93 85 126 93 96 109 90 93 153 149 99 65 158 125 99 139 95 149 112 73 111 125 127 77 127 101 100 113 92 137 121 65 135 117 143 83 65 65 76 81 109 125 105 163 96 105 70 129 115 113 151 85 87 109 109 67 65 89 74 101 73 125 93 83 159 157 90 157 152 121 76 95 82 125 144 73 110 93 153 107 70 65 
141 84 123 98 91 138 89 154 156 76 119 86 139 70 96 94 87 112 82 66 84 130 125 70 91 104 69 146 77 76 121 82 67 72 116 150 134 156 108 86 77 104 140 106 151 86 86 110 157 66 124 158 105 130 96 138 88 88 131 146 74 86 162 90 71 152 126 70 71 116 93 146 141 136 141 138 121 102 156 126 148 160 117 146 121 136 88 126 137 126 97 134 142 136 146 154 120 154 103 66 
109 145 91 155 122 135 131 67 104 67 153 99 114 95 132 159 165 159 130 67 111 101 124 135 117 81 122 83 127 157 114 139 79 93 142 119 165 89 115 87 127 137 157 123 77 117 141 103 138 67 128 163 71 153 97 119 111 99 120 147 68 107 143 163 137 151 109 151 152 147 88 139 142 139 67 139 149 75 147 67 97 69 131 127 142 137 71 155 89 137 165 143 106 73 77 91 112 129 153 67 
120 130 122 124 103 78 117 108 68 138 81 148 124 94 148 72 99 150 81 108 125 160 78 84 118 158 114 160 88 148 135 108 154 156 98 92 99 96 126 128 79 68 167 104 93 100 160 136 102 118 95 84 141 128 108 84 107 130 105 88 137 72 86 144 103 110 139 116 124 68 133 108 127 124 143 108 68 130 82 128 132 110 76 140 73 76 102 156 137 108 101 136 156 122 93 128 89 136 131 68 
150 119 92 161 79 97 158 97 111 129 114 93 151 167 139 165 143 115 75 129 151 81 152 121 119 165 150 109 166 119 116 129 104 123 89 129 115 83 98 129 115 99 129 133 104 91 144 81 80 119 127 161 72 109 104 117 92 101 131 149 127 109 69 97 159 133 101 153 120 159 156 77 98 83 94 153 138 121 133 129 130 145 157 149 139 109 122 73 111 99 161 93 94 151 129 129 98 127 144 69 
128 100 125 106 145 82 112 78 79 80 99 106 81 140 160 70 89 152 159 150 130 90 164 106 95 120 86 110 127 130 75 162 109 136 95 90 109 84 110 150 155 104 137 138 100 128 168 94 104 70 145 158 143 100 120 106 134 168 130 150 95 134 107 102 115 128 135 162 72 80 161 158 71 162 70 114 140 72 127 150 159 164 144 82 125 120 157 166 108 70 110 146 156 86 115 70 131 160 137 70 
118 75 119 75 136 165 144 127 125 141 158 91 126 137 71 123 156 161 96 131 168 95 119 79 146 77 103 75 121 131 81 119 154 125 76 123 154 167 148 131 161 151 156 167 101 111 163 111 156 71 146 127 149 133 71 83 132 117 144 151 140 147 123 79 156 145 162 151 149 101 149 139 107 129 96 151 158 81 80 71 119 163 130 95 126 131 143 167 90 131 129 95 120 161 71 167 93 149 89 71 
104 164 123 92 157 112 72 100 89 122 81 96 145 154 87 112 112 76 108 152 162 104 77 72 147 76 149 108 133 162 114 136 157 152 112 80 160 154 153 152 156 124 106 72 132 94 77 152 125 72 75 128 78 86 92 128 130 164 168 152 159 142 83 136 167 122 101 140 115 122 98 156 118 126 122 104 107 116 115 112 161 80 103 124 162 170 165 104 128 82 154 100 144 84 152 92 87 146 93 72 
143 99 87 101 98 107 132 93 101 93 99 81 117 121 143 133 160 91 86 133 99 81 146 77 148 139 80 109 89 163 143 161 151 151 118 137 86 157 164 93 156 157 127 161 168 85 143 157 89 73 85 117 159 119 103 145 122 123 92 133 160 77 79 125 108 125 132 117 148 83 113 145 90 167 73 165 155 85 90 133 127 95 107 133 93 103 163 105 94 113 157 97 92 109 168 89 97 83 148 73 
89 112 117 146 124 122 156 102 142 154 115 158 135 78 74 98 93 76 85 154 114 82 99 78 124 146 169 154 132 84 165 122 122 162 94 78 135 80 75 134 144 140 158 170 134 82 122 142 134 124 160 106 83 140 134 146 102 116 173 134 114 94 147 150 144 150 77 82 136 74 95 82 117 126 149 90 117 156 133 74 89 90 161 150 79 144 97 94 84 144 170 94 145 94 89 114 113 142 170 74 
90 143 113 115 155 87 94 107 138 75 127 167 86 113 85 87 79 115 142 75 139 127 143 123 125 157 154 75 91 85 94 87 76 131 150 103 95 137 117 135 87 171 120 115 135 169 166 115 108 75 164 95 132 121 75 87 113 173 117 115 95 115 87 143 90 165 173 107 135 115 104 159 96 81 100 107 126 91 96 115 167 149 154 123 85 109 83 83 138 75 163 107 140 85 90 135 122 139 109 75 
164 144 112 140 131 160 116 132 152 76 146 112 167 146 106 152 142 162 124 116 160 150 170 152 151 88 147 164 97 106 95 160 111 102 111 124 81 142 93 96 166 84 145 168 151 110 154 84 118 76 140 168 97 118 86 108 151 106 78 116 146 136 168 132 106 130 86 76 100 126 158 120 142 78 126 164 119 144 159 76 110 84 80 76 96 174 93 88 109 86 119 160 78 172 131 128 124 110 97 76 
101 151 78 149 137 119 81 149 86 107 110 169 90 79 152 165 163 175 124 77 93 121 130 149 77 129 87 141 107 117 172 149 169 147 77 101 132 159 122 97 154 129 85 117 152 93 128 113 115 127 101 97 126 169 87 165 130 165 92 97 176 173 87 161 122 141 122 141 148 117 92 145 149 151 77 81 102 149 144 77 115 113 133 113 152 137 153 113 81 127 81 93 129 169 162 129 175 151 83 77 
87 154 161 154 88 96 167 90 173 98 121 114 92 100 148 126 169 148 78 98 164 160 144 110 78 160 125 78 94 118 163 154 127 110 128 154 160 160 137 78 102 122 176 166 113 92 86 126 126 128 97 94 140 168 163 114 170 94 124 158 100 138 97 138 88 116 120 138 122 148 147 158 135 146 128 106 147 114 127 118 137 154 121 146 103 90 140 130 162 148 174 90 139 162 138 166 111 136 150 78 
93 111 176 171 149 99 80 151 170 159 155 111 111 117 164 103 102 171 142 119 146 155 166 171 79 123 163 147 84 99 159 151 173 161 89 87 149 159 139 159 101 101 134 79 109 149 172 127 94 79 96 163 81 143 104 123 123 87 114 119 86 81 113 131 99 145 130 87 164 119 139 147 108 117 79 87 172 125 146 159 177 165 127 171 79 119 154 79 164 109 132 95 101 165 129 119 160 143 104 79 
128 174 131 140 165 132 89 140 91 120 99 100 163 92 140 108 82 114 125 120 130 116 134 96 155 122 84 144 124 100 177 148 123 100 130 128 81 108 108 160 177 92 137 96 155 118 108 132 124 130 132 108 172 108 130 172 82 172 116 160 126 112 93 112 105 176 157 164 154 170 150 92 106 86 105 148 117 104 118 120 109 166 130 164 170 162 105 100 82 140 118 168 127 174 150 144 123 118 124 80 
97 147 89 145 121 81 88 157 143 81 122 169 86 137 81 117 162 127 127 121 161 111 139 121 131 101 162 97 101 131 140 89 103 159 161 169 100 101 155 101 94 109 154 105 126 93 87 81 101 81 140 117 132 177 156 149 125 171 177 81 162 151 115 85 101 117 148 173 137 121 177 89 112 153 106 137 158 167 93 81 145 165 160 93 121 177 144 165 121 171 157 145 91 85 166 109 173 167 126 81 
125 146 146 150 102 152 97 114 158 162 139 162 118 132 167 118 164 176 147 162 101 98 151 86 132 172 126 82 165 122 144 94 105 114 167 174 129 118 111 162 153 150 137 102 167 180 177 106 104 82 138 142 95 148 157 162 179 92 133 82 98 92 92 114 147 138 131 98 179 172 167 138 147 128 107 82 129 106 133 102 102 170 180 98 87 164 136 174 134 162 111 126 143 132 107 174 126 138 164 82 
96 101 104 179 98 99 162 91 104 103 133 179 162 109 108 155 178 127 112 103 86 179 91 155 133 153 130 103 160 143 160 123 91 177 113 95 128 111 103 143 139 173 164 115 138 171 137 171 127 133 141 127 112 131 153 127 99 107 106 103 122 165 126 107 148 89 127 135 117 93 93 175 86 181 133 135 169 119 101 103 143 131 151 127 118 117 172 111 138 83 102 175 150 139 153 123 160 103 163 83 
106 144 115 112 119 180 146 120 129 94 99 108 162 124 134 140 145 86 95 104 130 114 98 100 109 180 147 88 128 104 120 180 167 88 129 100 176 138 129 144 147 164 154 112 159 160 130 164 97 134 150 96 106 182 159 84 164 174 130 104 129 92 117 88 94 134 138 144 97 114 87 148 93 106 159 116 155 120 175 104 134 96 88 152 114 112 164 132 85 144 95 144 89 114 139 180 170 92 111 84 
175 175 133 85 155 99 135 157 174 155 177 145 163 113 115 165 144 181 92 165 144 135 175 161 160 119 111 137 113 165 125 129 157 147 105 141 89 123 132 145 158 133 131 109 135 147 89 105 165 135 102 145 172 123 140 157 93 111 110 105 136 143 154 125 140 131 124 101 97 95 179 181 109 147 135 149 134 177 160 145 87 179 136 109 125 139 135 113 144 135 163 161 134 153 140 173 99 101 161 85 
183 162 145 94 176 140 92 146 98 146 99 94 159 166 121 102 89 140 137 106 131 174 130 130 136 172 158 150 88 176 111 122 133 126 131 146 96 156 117 106 112 94 133 126 86 172 108 130 89 86 163 138 96 156 136 170 126 152 151 166 144 90 123 98 106 110 124 114 123 116 123 114 126 180 86 146 117 184 150 106 131 150 120 178 131 104 144 86 118 116 179 118 157 166 121 178 99 112 139 86 
141 149 143 135 152 177 101 159 99 177 168 119 100 127 112 163 129 183 118 147 123 137 145 183 112 179 92 99 128 127 104 115 117 107 167 103 97 167 167 147 167 93 92 171 97 117 136 131 125 87 167 175 95 107 102 87 130 99 156 167 165 185 147 175 127 117 112 147 122 137 109 179 125 141 87 147 148 185 111 107 88 105 165 159 147 143 139 143 181 117 164 147 131 111 87 103 116 101 150 87 
155 90 156 104 108 92 90 96 157 98 136 96 90 170 178 104 147 128 104 128 173 176 103 172 88 174 123 152 113 118 150 152 135 136 113 88 182 174 159 148 175 176 179 112 138 156 170 112 93 138 181 128 136 94 168 112 126 132 155 148 151 118 182 136 118 150 187 164 105 178 118 156 158 168 163 92 93 118 95 168 127 102 129 148 153 186 144 160 149 118 177 92 160 170 178 108 149 186 140 88 
130 93 122 177 104 169 158 161 187 179 98 89 134 187 99 177 155 99 161 89 143 135 106 165 164 105 181 173 136 89 107 105 98 101 104 177 115 147 110 89 158 143 98 185 99 101 139 133 188 139 131 97 89 167 184 137 142 131 127 89 126 111 152 113 179 131 92 101 187 159 104 89 112 175 114 109 176 89 132 149 102 171 116 157 109 157 97 177 94 149 171 137 124 127 89 165 180 131 92 89 
166 114 157 138 150 180 144 126 129 150 133 162 90 146 105 102 96 138 148 90 138 98 132 170 90 134 92 126 179 110 175 94 161 108 155 106 137 102 121 90 97 172 181 166 125 92 152 154 159 140 188 102 184 110 150 110 91 148 161 150 109 182 129 130 90 92 143 134 139 140 156 134 172 120 165 162 148 176 109 170 123 142 101 182 120 154 116 110 159 100 134 98 160 112 165 158 168 96 113 90 
124 161 97 119 136 173 98 163 134 111 175 179 94 187 166 107 160 97 92 131 112 99 104 111 141 149 129 183 109 91 114 163 159 145 186 143 119 125 114 171 151 117 107 91 166 99 104 187 97 91 189 151 139 159 101 151 141 97 187 151 170 119 188 103 161 93 147 127 113 151 186 171 180 165 141 143 119 123 100 111 177 153 158 151 166 135 114 107 137 151 148 163 149 149 151 155 137 161 98 91 
100 150 127 112 127 148 128 164 119 132 170 104 128 152 117 172 93 170 136 92 116 170 153 108 167 128 150 172 120 172 135 184 189 112 107 184 101 182 109 112 99 184 166 144 157 96 176 112 151 92 140 156 189 108 172 156 117 168 121 172 98 186 175 136 122 168 155 188 160 132 184 92 157 108 167 188 188 100 172 172 117 190 105 116 132 146 154 172 93 162 191 164 97 108 152 144 138 110 119 92 
149 173 99 153 178 133 184 121 167 183 161 165 111 181 183 149 172 143 140 93 167 145 111 181 93 121 100 169 191 93 151 161 121 165 93 181 135 173 181 113 152 175 135 181 168 107 120 105 187 143 140 157 158 173 153 105 130 151 127 133 150 153 159 141 118 169 149 149 154 113 132 133 111 175 118 181 120 175 112 173 179 141 183 105 118 159 116 185 169 153 167 113 101 155 118 105 151 141 132 93 
123 114 107 102 154 130 107 182 169 94 130 170 165 170 149 102 165 148 110 114 144 102 141 110 169 98 107 186 126 104 143 182 140 148 114 126 178 102 187 174 188 170 166 162 94 110 94 166 161 144 193 98 100 188 184 142 111 142 110 114 141 110 180 174 144 142 143 130 141 134 129 102 171 156 94 166 144 192 98 154 134 160 150 106 124 126 111 162 101 184 134 174 120 106 184 138 125 146 106 94 
111 143 104 115 155 163 164 99 95 125 149 131 122 153 110 159 114 107 180 135 167 191 102 167 120 187 96 167 112 125 148 159 103 141 140 147 145 129 124 155 190 125 114 135 190 133 127 151 150 95 128 127 112 139 105 175 172 115 194 175 184 179 191 183 190 115 156 119 158 95 188 127 145 161 95 167 188 159 146 95 105 171 166 119 105 121 160 119 141 95 115 135 134 125 140 179 115 157 194 95 
145 190 125 192 106 126 179 140 104 116 108 192 124 100 146 168 130 112 104 156 119 190 152 172 146 180 104 180 191 136 177 120 101 186 141 100 139 100 185 116 169 168 179 104 156 158 146 152 177 146 139 132 125 192 171 176 171 162 173 176 105 140 168 160 126 102 133 188 172 116 138 164 123 134 96 164 146 124 194 156 100 162 154 140 131 108 160 152 109 166 183 140 190 190 136 96 138 184 145 96 
158 135 104 125 137 161 115 121 184 127 105 145 148 187 142 141 127 195 106 157 110 177 169 149 147 115 138 113 118 117 122 189 176 115 147 149 190 187 144 157 188 147 172 153 122 179 145 177 103 147 153 173 123 109 187 181 172 189 116 97 105 191 178 145 187 163 117 149 101 117 98 153 182 123 147 125 124 117 184 97 139 145 136 97 182 161 148 173 125 127 191 117 116 189 162 121 183 149 130 97 
183 168 140 126 168 152 184 178 166 118 115 98 176 122 118 130 115 104 191 178 109 110 188 134 123 102 178 106 120 98 174 118 161 162 98 178 123 174 166 118 159 186 130 154 118 116 146 102 122 148 152 126 111 146 113 106 121 152 122 98 148 124 185 118 153 112 195 146 161 148 124 98 160 104 173 154 135 158 170 178 189 180 186 178 123 146 155 122 170 118 149 106 109 112 103 142 183 110 129 98 
178 119 136 191 149 153 160 139 159 179 105 151 159 197 179 99 198 189 142 99 116 183 194 187 124 117 121 143 111 169 186 155 157 127 184 143 180 181 111 99 166 155 190 127 194 151 126 131 152 149 174 107 160 137 109 127 138 181 160 119 163 171 152 111 179 141 153 151 148 119 109 183 165 99 174 175 142 141 118 99 131 171 162 139 184 167 113 179 128 129 179 131 137 139 164 171 167 163 164 99 
183 132 100 184 190 136 138 128 197 180 117 156 155 136 185 192 137 160 169 100 109 152 193 128 150 144 115 100 130 160 119 128 170 144 175 120 107 198 164 120 141 108 189 192 140 106 131 172 164 150 148 176 113 130 190 160 191 118 179 120 100 118 179 160 100 170 125 144 168 140 113 148 126 172 175 112 159 106 111 100 146 136 115 100 105 148 141 172 146 110 113 156 164 136 100 180 165 170 183 100 
6 61 90 25 21 9 56 89 50 81 60 61 74 61 76 81 47 75 40 81 71 73 22 85 51 87 23 29 27 21 14 25 77 85 21 17 97 47 29 81 67 21 41 45 71 23 31 1 17 51 74 49 73 59 76 21 28 75 38 21 64 19 52 85 31 69 82 9 83 21 73 25 62 79 51 69 25 79 30 1 83 13 62 21 1 43 36 1 59 31 17 29 40 35 6 9 83 37 15 1 
75 60 12 26 77 30 4 10 11 72 53 74 58 30 22 58 79 18 18 2 42 22 27 70 52 20 45 94 100 52 75 94 20 96 7 78 57 38 24 82 11 6 92 30 97 52 84 46 101 52 6 14 87 74 32 50 96 90 31 2 88 70 22 46 47 58 101 34 24 22 21 86 95 40 27 78 25 54 89 82 89 100 36 26 62 100 15 38 42 82 89 26 13 44 87 94 43 72 9 2 
95 67 48 71 48 11 59 71 95 23 102 15 8 31 68 15 65 33 3 43 22 25 35 59 28 13 73 75 49 93 3 39 23 99 78 43 91 49 70 43 19 17 41 87 3 21 81 27 81 3 72 11 68 91 93 31 14 45 4 23 36 79 62 55 93 89 10 15 33 23 12 59 93 55 78 55 4 61 49 3 72 11 33 47 13 51 46 91 97 33 66 63 45 45 88 43 6 83 67 3 
49 74 100 36 44 60 56 88 44 64 11 44 70 12 64 44 23 10 61 24 57 42 57 80 4 10 80 32 95 44 26 24 31 32 74 88 103 30 44 64 32 34 86 20 14 34 23 84 84 4 90 96 45 52 9 100 4 88 61 64 21 34 28 84 24 30 29 76 58 64 102 36 37 102 79 8 57 48 19 64 68 52 68 12 34 12 76 8 33 64 20 28 50 6 64 48 89 96 95 4 
70 99 65 5 85 29 100 41 99 15 61 57 85 51 90 33 24 91 31 25 73 29 82 5 55 69 89 57 54 95 74 81 19 19 5 21 30 13 57 25 99 81 75 49 80 21 71 45 61 55 48 17 5 63 25 9 41 85 95 25 99 37 73 53 20 55 85 65 52 45 28 69 81 81 30 97 27 53 97 45 91 87 20 45 35 45 6 25 41 15 21 101 66 51 35 33 25 55 27 5 
105 48 53 10 91 82 7 90 14 16 31 26 99 44 71 66 96 14 34 46 29 26 29 10 6 22 46 82 80 86 57 78 34 26 56 74 10 8 68 6 12 36 88 62 86 66 21 38 41 56 39 26 63 90 6 98 53 86 12 66 78 70 30 10 101 14 53 78 12 76 6 62 74 60 81 62 54 96 78 26 24 36 6 94 31 38 103 58 59 86 82 6 54 58 101 58 50 24 76 6 
33 97 45 19 12 91 35 55 43 57 79 67 65 17 7 103 35 79 106 7 38 35 97 99 82 89 104 55 33 57 17 35 93 63 97 91 17 37 44 67 32 43 73 39 67 87 102 75 16 57 77 35 8 73 47 95 22 45 25 67 80 77 52 35 42 43 53 27 57 17 9 7 22 47 7 35 34 27 91 7 80 55 57 87 57 19 100 23 31 77 97 103 53 83 37 35 18 103 43 7 
22 56 18 8 13 10 52 88 36 8 66 28 63 14 103 84 22 46 63 28 54 80 81 8 33 104 88 104 46 28 50 24 105 52 103 76 103 34 104 8 83 50 23 104 48 32 89 24 51 58 17 100 47 52 83 40 69 60 93 28 71 84 14 92 8 16 52 8 39 68 10 68 35 46 33 60 40 48 60 68 38 64 35 68 38 32 48 28 55 18 47 48 59 42 38 96 18 62 84 8 
39 71 32 57 29 87 70 93 47 9 24 61 39 35 29 57 78 67 88 89 48 55 40 25 59 43 104 17 90 19 82 105 40 87 24 49 53 33 77 69 96 57 69 89 9 79 35 57 98 59 67 65 25 15 34 73 48 85 14 69 31 87 22 57 49 39 63 61 21 29 45 13 27 19 59 37 36 17 96 29 42 51 17 69 79 27 11 21 55 29 85 21 104 89 59 77 34 107 98 9 
65 30 80 106 50 82 82 102 71 20 54 98 87 44 70 86 68 102 78 90 46 22 30 38 10 106 68 78 33 10 92 70 49 102 20 74 70 44 78 50 52 20 92 106 65 98 46 10 10 60 86 58 55 52 75 66 102 86 36 30 88 14 55 50 90 44 38 46 49 100 82 50 65 62 85 78 27 104 104 10 61 58 92 18 50 78 53 90 90 20 80 70 103 50 70 22 45 74 18 10 
88 85 61 79 71 53 91 91 102 11 94 91 27 107 81 23 109 85 13 11 59 65 98 15 11 65 29 99 91 21 69 47 12 61 71 71 63 15 84 71 77 103 95 43 101 23 82 67 105 11 17 83 22 27 46 95 68 53 86 51 65 33 17 59 26 23 54 103 71 71 25 15 60 31 86 79 89 67 98 31 60 11 42 67 76 85 34 35 80 41 110 79 100 75 46 27 100 61 70 11 
79 36 103 28 22 56 97 80 20 92 65 36 31 40 72 68 99 66 23 72 39 110 109 92 87 46 35 76 36 12 48 56 106 40 92 48 58 88 54 72 51 32 61 52 47 36 55 68 49 62 15 56 97 20 47 64 13 18 101 52 63 92 23 104 77 86 93 88 79 22 90 84 43 104 62 40 61 50 46 12 50 56 30 68 107 70 15 20 106 102 76 100 44 102 102 48 31 106 62 12 
94 93 22 73 103 89 55 65 60 53 48 97 24 69 63 105 99 101 16 13 33 91 111 41 88 67 26 17 61 23 32 33 29 109 108 109 54 53 60 13 75 39 29 69 108 55 67 17 67 13 58 93 72 27 18 21 70 25 67 53 58 61 104 69 103 33 93 77 24 13 40 13 106 67 88 29 96 61 27 33 95 109 24 37 53 77 36 97 19 63 77 17 63 27 33 25 31 13 73 13 
51 50 74 26 19 28 100 106 25 14 99 46 37 78 69 102 69 112 80 34 83 46 109 74 64 94 26 66 100 34 109 50 80 22 89 102 59 68 32 34 60 28 99 106 74 72 76 30 53 64 89 46 53 32 89 54 68 64 31 54 37 108 54 46 94 18 42 46 49 54 49 106 31 50 14 74 72 106 26 74 91 34 96 82 69 36 81 82 28 34 91 102 34 106 39 110 61 54 34 14 
42 35 60 55 30 79 19 23 55 85 64 35 103 81 110 99 109 33 60 15 20 93 25 47 40 77 103 75 39 45 20 23 73 83 95 43 75 37 26 15 42 83 16 19 20 73 101 47 90 65 26 67 66 51 85 75 75 105 58 15 34 27 83 55 55 105 23 35 69 15 97 95 70 63 15 83 47 79 30 35 50 19 30 39 60 95 21 63 22 105 107 71 30 75 60 31 47 21 20 15 
71 40 29 40 111 64 22 76 28 36 42 28 89 62 111 108 59 36 34 36 66 42 93 36 41 38 20 48 103 66 99 80 115 78 96 72 16 34 95 76 89 84 47 96 71 20 44 20 48 66 23 40 106 24 76 76 68 30 32 56 69 102 22 48 71 94 56 68 65 86 83 112 44 110 66 48 114 16 59 56 41 30 59 68 66 82 82 36 53 66 35 108 84 76 26 84 83 46 55 16 
48 97 38 17 22 65 36 93 69 17 103 61 86 99 52 89 25 17 80 37 29 81 85 105 92 71 67 113 87 97 103 113 66 93 32 37 100 51 111 17 26 101 63 25 62 19 83 33 82 67 108 41 29 69 72 101 113 51 61 77 73 67 93 69 17 55 77 81 60 17 99 25 53 89 92 25 114 59 103 57 44 47 99 89 107 97 52 109 17 17 31 89 84 59 52 93 113 71 36 17 
74 48 71 18 48 96 67 62 106 88 80 46 24 52 98 114 47 24 92 78 96 38 108 38 18 82 104 102 94 18 80 94 117 58 103 18 113 78 26 58 48 90 88 86 48 34 79 18 67 68 116 18 65 74 48 106 84 46 67 78 70 26 65 106 18 76 110 78 84 98 98 114 74 58 68 38 107 48 115 78 86 24 43 70 108 76 106 94 37 18 29 74 84 64 113 114 40 70 90 18 
94 23 20 83 109 45 36 83 21 79 63 43 31 87 44 31 19 55 93 59 30 21 25 43 94 85 118 103 85 29 89 55 35 59 89 71 62 19 92 79 110 69 117 79 24 19 66 19 103 69 88 19 50 105 104 23 69 87 104 79 22 107 78 39 29 95 80 71 107 19 35 83 84 81 69 103 51 23 103 39 66 53 76 107 54 61 82 67 56 59 61 19 53 103 104 67 91 53 40 19 
68 22 96 52 55 78 78 80 76 70 66 108 97 98 50 64 78 92 61 80 48 92 110 104 70 88 41 104 115 80 117 60 76 48 95 108 73 106 21 100 67 26 58 60 105 114 80 80 45 20 100 20 80 42 25 64 116 42 107 40 70 78 35 64 100 96 114 96 57 40 38 48 54 114 20 52 35 110 35 80 63 84 22 80 25 64 23 60 27 70 35 104 31 102 65 96 31 82 70 20 
66 59 87 65 56 63 93 53 22 61 36 21 46 73 101 65 87 115 65 101 81 105 46 93 71 55 78 101 51 51 62 33 50 89 71 77 75 59 23 21 93 23 85 45 91 115 111 97 88 21 25 73 88 31 46 61 45 83 94 81 45 43 41 105 91 93 113 61 72 31 75 113 28 67 71 85 116 85 29 41 55 61 31 37 96 71 92 93 62 21 75 69 87 65 76 117 104 69 58 21 
103 30 45 54 102 42 39 38 58 72 80 98 30 74 22 106 47 40 76 42 94 110 46 114 97 40 44 114 92 62 108 46 34 82 57 50 69 94 98 22 50 28 110 62 42 50 75 26 94 22 94 38 104 58 117 102 38 116 87 62 98 82 43 54 107 68 27 34 35 52 47 114 62 24 72 94 26 96 102 42 67 106 34 26 52 120 49 62 74 82 90 46 77 32 77 90 42 30 70 22 
29 71 109 91 78 81 47 79 79 23 50 23 102 85 28 51 84 117 99 103 103 75 45 55 98 63 35 75 47 23 105 27 88 109 88 23 57 59 77 43 100 41 107 107 98 99 40 31 82 73 117 119 111 67 108 91 70 79 35 83 93 57 84 111 58 31 59 111 47 33 107 67 94 49 48 119 111 31 69 103 74 71 80 51 38 85 59 27 67 103 105 103 40 43 58 35 90 33 48 23 
42 24 109 120 29 94 72 88 96 34 94 24 77 120 89 88 26 40 51 44 54 112 28 72 74 84 102 44 38 114 90 24 68 60 79 104 84 74 30 64 36 46 99 28 74 58 102 84 52 74 105 104 52 108 109 32 64 58 55 84 27 56 104 88 69 30 108 52 75 84 39 24 110 98 74 76 62 106 104 24 98 44 28 44 34 66 105 108 68 84 87 100 75 28 39 68 97 24 42 24 
36 119 121 73 115 39 104 93 69 35 51 41 104 51 35 57 123 105 104 105 79 75 61 77 75 63 28 49 94 45 52 49 120 53 80 93 124 123 124 65 30 91 119 61 25 49 49 101 30 75 54 61 94 87 80 57 68 77 109 45 102 31 102 117 25 63 86 121 79 75 37 49 45 55 75 105 78 31 52 85 71 79 42 81 110 119 85 53 80 65 51 121 73 97 35 65 115 95 55 25 
77 66 101 86 116 50 82 50 107 76 39 110 116 64 31 70 42 32 77 66 35 100 39 66 101 88 113 58 26 36 92 122 83 80 26 46 93 58 36 46 79 100 37 54 26 72 53 66 57 26 106 122 112 94 51 118 32 36 110 66 65 46 42 42 46 78 68 102 80 46 39 110 38 82 51 46 92 110 110 106 47 48 105 66 51 34 100 74 74 96 63 66 32 122 116 122 71 62 33 26 
63 89 97 51 102 67 78 79 75 77 76 95 87 87 82 103 82 41 31 67 112 33 57 71 77 75 110 59 75 47 101 123 111 65 82 27 76 57 60 47 86 103 95 35 107 45 29 27 82 27 33 67 65 103 62 35 41 73 105 87 27 27 102 35 122 53 112 67 46 107 30 111 50 57 77 95 125 95 42 67 73 109 57 59 102 105 43 59 50 77 36 63 101 93 112 51 59 59 79 27 
108 100 85 40 83 46 123 40 90 48 97 40 40 38 98 68 103 120 93 88 93 98 59 72 78 122 82 60 64 98 100 56 105 116 123 124 92 74 111 68 35 110 90 40 48 34 56 48 95 28 90 56 43 106 123 36 99 58 84 28 30 112 41 100 98 54 121 84 113 68 126 96 90 102 28 88 59 122 118 28 114 100 30 92 93 44 94 104 53 108 109 60 107 78 83 64 62 38 126 28 
92 115 73 73 99 119 42 69 45 109 111 121 54 113 84 89 118 107 82 29 98 85 112 121 104 31 83 97 119 29 33 101 35 57 89 93 109 47 92 109 105 35 127 41 89 115 49 73 81 29 123 113 36 97 29 53 94 99 50 89 34 107 46 37 94 111 41 65 92 49 124 117 76 101 104 85 43 35 113 109 118 83 87 121 79 107 91 105 59 49 55 117 81 39 84 93 125 115 72 29 
90 124 48 34 110 124 35 42 106 60 63 66 71 72 95 30 93 80 68 110 55 94 58 74 80 90 30 118 59 80 38 50 57 54 60 38 77 84 58 30 107 50 55 110 125 124 33 110 87 30 90 58 69 100 40 94 66 92 32 30 123 60 119 42 105 46 78 62 47 70 34 74 115 46 55 90 115 102 78 30 119 92 94 94 65 36 48 82 60 60 61 50 93 42 70 34 58 122 34 30 
93 55 112 119 61 53 97 55 110 101 67 35 77 61 121 99 121 111 61 71 130 51 95 59 31 121 98 31 55 101 101 87 128 41 86 111 37 99 41 51 126 115 106 51 96 61 125 91 47 31 78 47 78 83 36 31 54 59 67 111 115 53 77 75 46 79 69 87 124 101 109 75 125 97 56 43 41 67 103 51 31 105 57 103 111 123 102 51 129 31 44 43 94 55 71 47 58 93 45 31 
40 40 102 64 87 50 50 120 40 32 32 76 78 62 37 44 55 38 76 72 41 88 88 40 107 70 104 48 106 82 86 36 103 110 82 48 67 34 58 32 68 46 110 48 52 44 53 60 55 32 101 124 81 52 62 48 44 70 113 92 92 118 40 120 37 78 82 100 89 112 88 56 125 92 57 100 63 54 70 32 42 124 126 44 102 70 63 68 71 82 33 80 112 118 47 128 102 118 114 32 
52 101 95 49 33 65 84 37 87 43 33 73 97 43 43 45 60 131 80 93 109 107 60 97 83 73 111 69 53 83 123 105 86 71 83 33 109 75 76 73 80 111 52 105 123 127 100 37 50 83 47 45 79 39 63 41 100 39 40 33 89 39 131 73 33 35 63 101 75 93 97 121 91 55 108 117 49 75 73 93 132 49 97 121 63 43 73 101 132 33 117 105 126 111 58 109 109 97 109 33 
100 50 121 110 94 76 122 62 51 74 71 130 72 38 99 106 65 48 121 94 55 54 76 66 59 58 51 118 34 114 67 86 65 116 79 66 35 38 120 74 80 110 103 46 84 66 83 58 96 84 58 58 60 106 124 50 118 94 130 54 87 82 120 126 59 66 34 74 86 64 63 70 108 34 84 74 112 42 133 114 52 54 110 70 64 118 100 38 117 124 86 122 108 92 99 110 104 130 107 34 
76 115 67 95 65 117 65 39 77 65 60 123 55 77 60 107 55 101 118 35 65 87 98 79 35 111 50 131 86 125 116 71 45 59 40 131 76 109 66 95 83 83 117 99 35 105 107 91 71 35 60 83 83 131 70 115 121 49 99 55 46 63 133 115 120 103 130 59 35 45 90 99 92 105 60 55 56 119 132 75 50 69 39 103 85 89 53 75 96 35 55 75 131 113 60 119 49 61 56 35 
47 132 135 100 76 134 104 116 44 66 40 104 97 128 76 56 127 54 125 56 109 36 91 120 86 50 58 132 46 86 109 36 105 44 76 80 102 114 65 96 76 84 53 76 41 48 133 80 124 86 133 64 129 64 41 44 126 46 57 56 84 76 129 100 106 104 36 128 66 66 77 116 86 80 36 104 116 60 83 96 100 70 48 120 86 78 110 76 88 66 106 100 81 90 106 68 47 130 92 36 
95 77 94 117 42 89 70 97 58 87 95 105 69 47 132 109 92 105 79 117 60 101 89 45 62 103 125 101 97 87 125 117 67 87 132 125 71 89 85 57 74 55 106 113 97 119 75 101 114 87 73 45 116 125 42 117 92 123 49 57 98 57 121 69 52 121 105 69 81 87 101 41 125 41 87 121 96 53 134 37 76 105 43 37 47 57 129 69 41 107 57 73 89 75 117 117 46 81 73 37 
106 68 117 70 63 74 74 42 72 88 94 46 40 86 128 110 63 88 111 118 97 110 135 98 38 132 102 86 121 88 137 42 136 108 38 110 95 100 48 38 134 114 109 42 108 106 116 38 101 38 101 58 123 66 53 50 89 68 62 58 96 114 63 62 43 126 136 82 137 88 104 58 108 84 63 46 72 70 98 38 120 104 66 74 128 42 128 58 92 48 133 110 119 90 88 106 80 50 61 38 
74 135 97 131 114 83 63 111 85 69 105 59 65 55 129 99 44 101 49 99 43 45 114 87 64 125 73 131 115 79 124 51 114 39 94 83 67 39 86 99 122 91 101 99 119 99 85 59 113 89 133 123 80 109 74 71 121 59 100 119 79 129 128 39 64 117 49 67 128 49 80 55 80 65 64 51 63 63 68 99 53 57 55 67 54 67 117 95 94 109 126 67 128 97 99 107 44 41 68 39 
57 78 84 92 60 52 80 128 121 90 57 120 57 98 75 56 52 132 102 40 88 54 95 132 40 42 136 64 80 80 133 44 72 138 130 52 74 72 85 40 60 74 75 52 130 96 115 136 72 90 65 128 115 78 95 56 129 56 106 120 86 100 78 64 55 136 137 68 102 110 125 64 104 102 115 96 94 110 79 40 80 62 60 100 85 88 73 72 51 80 110 72 78 96 60 104 70 56 123 40 
115 75 73 53 71 65 74 97 102 61 70 57 84 119 121 41 126 125 104 121 48 111 73 137 41 91 60 129 73 111 98 109 59 57 71 125 111 125 134 121 71 93 48 97 111 79 108 49 53 91 108 41 133 61 121 65 71 135 48 81 83 65 133 129 41 139 80 73 116 111 52 41 54 89 91 69 78 99 123 101 94 121 132 97 76 113 71 73 102 111 113 49 41 109 111 105 42 61 127 41 
99 98 141 114 137 102 113 86 137 132 99 86 76 58 107 46 65 86 76 122 42 66 100 110 67 126 78 106 81 62 135 114 107 66 47 114 122 64 94 62 87 110 86 42 117 58 80 50 123 42 82 50 95 78 62 134 111 76 48 62 64 86 121 58 117 50 91 70 57 82 112 110 132 124 117 74 67 122 112 62 50 48 89 54 82 50 58 106 107 72 82 58 52 84 42 70 44 126 57 42 
64 97 100 59 58 113 133 107 115 73 60 135 68 95 108 51 141 123 120 123 76 107 53 131 93 109 118 55 54 103 49 107 84 139 48 95 111 59 64 123 102 63 95 43 103 73 100 99 114 93 45 79 55 137 138 99 141 75 121 103 92 51 91 67 83 123 69 63 83 83 75 119 90 117 68 115 111 89 105 123 57 63 68 91 138 89 120 139 114 83 62 95 76 71 58 83 92 87 111 43 
123 68 135 76 59 108 128 124 118 44 130 48 96 62 44 116 126 70 83 44 141 66 67 72 119 88 109 44 113 134 95 84 47 94 69 140 76 44 115 124 113 78 79 124 84 62 116 48 71 94 89 92 123 82 79 112 114 112 108 104 100 100 87 44 129 90 64 44 102 84 129 84 102 142 94 104 95 90 118 64 97 62 86 76 94 62 65 116 87 124 117 60 85 62 44 68 124 58 142 44 
129 85 55 105 105 81 129 85 117 115 137 133 115 143 85 85 62 133 79 65 142 77 74 93 70 45 134 93 130 65 130 69 83 71 130 57 53 45 48 45 73 111 48 73 80 107 86 105 66 95 47 129 114 87 95 73 136 73 141 85 100 129 144 121 95 53 77 125 47 125 69 49 144 89 120 77 76 139 116 105 50 129 106 137 75 89 130 77 121 125 133 141 97 85 115 89 110 113 87 45 
135 84 129 86 66 112 122 130 57 136 114 106 76 70 66 46 143 66 140 46 121 78 90 106 46 68 118 82 72 96 128 70 116 74 106 138 78 52 60 46 136 128 111 46 86 68 94 130 79 96 63 138 67 104 131 66 74 144 64 46 128 52 140 134 106 86 93 66 48 56 107 126 55 52 96 130 56 142 62 86 109 56 80 50 136 114 114 82 90 136 118 70 70 138 66 130 130 68 102 46 
86 113 76 87 122 55 78 107 116 47 98 107 50 121 132 103 52 105 82 67 86 107 50 83 97 79 68 119 132 117 118 127 141 141 97 63 124 49 104 47 99 121 108 115 127 131 97 115 66 97 110 63 49 59 72 135 131 85 92 47 71 113 59 59 87 107 50 135 90 137 49 83 131 83 97 103 98 57 71 47 66 77 136 107 87 77 102 143 134 67 92 115 51 91 82 123 115 89 105 47 
144 80 79 68 68 98 65 72 107 118 109 92 102 134 83 76 114 144 53 128 131 84 59 60 123 90 123 124 63 108 78 96 108 104 83 104 89 110 56 48 65 48 72 64 63 142 86 80 128 48 86 60 139 76 108 96 142 120 102 68 49 124 146 76 93 64 136 132 107 78 101 144 88 48 48 48 135 100 134 68 133 60 72 140 128 92 120 140 55 98 78 104 141 144 108 92 117 102 137 48 
54 55 51 89 94 133 132 81 86 99 68 97 122 81 139 65 74 125 112 49 87 81 90 121 49 137 127 85 133 89 55 77 140 97 114 49 116 59 76 129 131 103 74 105 74 65 97 93 148 99 73 89 67 111 74 77 114 143 62 129 144 95 143 77 119 63 109 125 65 119 99 89 99 113 124 65 82 73 58 49 143 77 98 113 109 81 81 61 102 89 71 125 86 49 84 101 139 53 134 49 
119 58 104 86 90 116 81 130 122 90 141 118 119 94 115 138 82 76 122 130 117 92 133 62 125 92 78 54 93 90 111 130 122 104 110 114 139 112 66 90 97 114 126 110 130 132 126 122 119 50 72 82 66 92 55 86 119 94 70 110 125 68 58 146 95 66 106 110 70 50 87 66 120 122 100 106 119 88 119 130 145 64 132 98 50 60 78 62 80 60 58 138 79 62 140 54 109 116 73 50 
125 109 59 83 131 91 102 67 116 91 85 127 142 77 51 87 101 133 147 71 134 55 72 123 126 59 114 83 82 91 118 95 61 91 126 87 112 79 123 131 54 75 112 55 56 129 111 115 62 101 96 143 98 109 96 119 60 109 58 111 68 63 136 51 76 115 107 51 149 111 81 79 99 129 51 95 131 127 129 71 97 67 110 75 66 79 80 115 139 71 89 131 139 95 96 71 90 67 116 51 
67 108 151 104 87 102 101 144 53 112 82 68 56 130 142 60 74 84 89 52 132 68 148 72 52 52 134 64 151 92 92 52 83 148 52 144 114 76 141 52 123 134 140 92 52 142 126 96 149 52 121 56 124 54 57 124 134 82 126 112 73 92 103 96 107 118 149 116 137 52 121 96 59 128 52 140 103 80 118 52 128 122 77 116 77 66 128 112 78 132 140 104 58 58 127 128 70 92 106 52 
58 133 60 129 98 77 83 141 86 133 145 117 111 119 58 73 144 97 72 73 144 59 65 113 103 127 149 145 114 63 112 85 95 143 53 61 141 123 130 73 62 75 56 93 53 121 86 113 106 53 130 89 123 115 118 129 146 89 111 133 76 107 149 73 68 125 129 141 77 73 84 101 148 55 103 137 98 151 142 113 104 71 134 77 68 73 90 93 146 133 114 65 151 63 78 133 134 131 108 53 
148 118 108 82 54 78 113 98 96 104 103 138 116 112 139 86 59 136 56 54 59 86 139 126 129 116 151 114 109 134 87 102 100 92 74 94 98 130 126 54 84 104 83 78 84 62 145 58 110 104 128 142 61 128 64 130 94 114 116 54 88 142 136 122 109 118 145 82 60 64 136 62 60 56 54 66 132 150 70 54 139 146 77 74 69 112 118 78 147 134 93 134 92 118 84 106 144 150 95 54 
82 145 65 87 105 121 111 75 66 65 140 59 67 85 150 95 146 151 114 75 144 63 150 143 105 61 55 111 150 125 107 111 114 123 65 83 136 117 150 115 115 129 139 111 95 73 131 59 139 55 65 87 136 85 95 143 109 129 153 135 124 115 68 55 80 71 90 87 150 145 150 103 125 79 105 91 117 115 146 95 120 129 150 75 135 117 63 151 111 135 110 107 139 87 135 151 116 125 144 55 
109 82 70 148 116 138 139 100 137 76 104 136 79 154 96 120 63 90 76 136 141 72 138 68 81 126 121 112 92 96 60 108 115 90 146 60 107 150 147 56 114 124 115 112 81 140 135 152 126 56 129 96 64 110 61 144 64 58 60 56 66 96 108 96 81 146 81 88 119 106 142 108 60 90 56 80 77 60 94 136 120 120 125 96 126 74 150 60 140 86 77 144 58 90 101 120 77 142 76 56 
104 147 133 129 97 129 104 85 68 147 148 149 135 57 122 105 83 121 135 77 63 65 97 57 82 73 120 57 119 57 76 149 129 71 102 137 83 85 65 77 93 151 121 113 112 117 94 57 83 57 63 57 62 111 102 73 127 153 87 77 131 75 99 133 122 113 133 69 86 147 112 125 129 113 107 73 85 99 142 97 67 119 65 121 127 83 129 101 107 107 78 61 102 111 82 93 100 83 124 57 
60 100 118 134 148 142 148 102 110 98 87 58 141 86 103 78 135 122 143 138 139 74 128 62 58 66 94 110 111 58 63 106 82 124 68 58 61 146 100 58 114 120 127 62 63 98 91 102 75 58 157 142 60 148 138 98 61 130 93 78 122 138 75 90 138 150 149 106 84 128 133 114 141 144 83 110 61 78 82 78 88 118 82 138 63 148 64 106 71 98 128 150 62 78 83 114 155 106 135 58 
99 123 112 87 69 95 80 87 97 99 69 111 60 125 69 127 71 61 81 99 118 69 104 139 59 143 74 151 83 99 61 83 152 117 139 75 88 141 128 59 120 67 146 155 109 141 142 151 75 109 121 75 60 99 94 95 155 145 120 139 132 117 131 95 139 75 90 151 78 69 83 59 104 93 134 71 120 117 92 79 67 67 94 71 109 113 93 135 152 79 116 59 110 73 124 103 144 83 111 59 
133 154 72 96 130 88 126 120 64 120 154 72 113 114 110 108 158 64 93 60 135 150 100 60 110 98 147 84 117 60 82 96 78 74 95 116 159 132 71 80 126 104 68 132 130 140 113 84 130 110 155 72 149 70 90 72 120 96 63 100 60 62 81 108 115 98 107 68 100 110 148 64 85 82 60 144 125 134 69 120 130 152 82 128 120 154 68 152 62 60 154 104 65 138 60 156 75 122 62 60 
91 71 101 121 146 117 143 157 147 131 127 157 134 151 141 157 61 159 113 141 112 81 95 129 86 89 146 129 84 71 147 125 146 77 111 157 124 87 95 141 100 71 85 101 61 117 131 153 129 111 96 93 118 89 121 105 113 109 155 141 152 151 146 85 101 73 77 73 144 121 154 113 138 153 136 149 123 83 106 61 77 61 90 89 101 63 133 73 153 151 118 113 115 97 81 137 101 67 97 61 
110 132 122 138 72 156 137 150 146 62 65 130 71 68 67 102 147 90 88 82 134 108 90 122 87 144 141 138 91 92 98 106 129 76 152 78 144 102 130 142 139 134 159 142 117 128 135 86 70 112 132 102 144 110 67 138 133 156 69 102 128 94 132 126 117 62 72 106 119 92 116 86 124 122 137 126 119 74 150 122 134 128 121 118 157 110 136 86 155 82 128 142 109 134 77 118 91 76 158 62 
93 149 79 159 138 81 116 87 79 133 69 79 76 123 118 75 85 149 83 143 69 81 88 83 88 119 98 135 152 113 103 135 124 113 123 91 82 101 134 143 91 73 153 131 68 153 68 143 119 63 154 107 74 79 143 103 103 149 153 103 117 73 140 75 158 77 64 111 142 143 112 107 111 107 113 71 152 65 107 123 75 95 98 83 158 145 153 131 150 103 115 83 107 85 128 67 71 119 145 63 
154 70 163 72 64 114 112 92 132 144 138 140 139 124 144 88 163 136 73 144 83 94 137 68 89 154 83 64 119 114 140 100 109 126 149 96 93 88 138 144 128 146 134 116 64 76 70 156 143 64 132 136 123 148 109 100 154 94 94 64 105 64 108 156 119 82 102 140 143 64 86 68 101 134 139 92 96 144 109 84 126 102 127 84 84 104 100 100 114 134 115 100 89 152 104 144 105 66 80 64 
142 77 119 145 85 81 79 153 140 95 94 85 162 91 70 65 139 141 71 85 103 107 120 145 65 149 119 129 143 75 107 77 101 137 145 133 90 107 105 125 77 157 79 85 140 107 129 133 153 115 80 161 134 71 65 89 126 121 117 85 76 95 136 89 140 65 90 121 108 115 88 141 141 147 140 93 74 133 131 65 91 111 79 101 90 87 140 121 134 115 84 161 69 135 105 145 112 71 126 65 
117 90 122 110 136 132 116 78 72 106 159 134 67 164 111 162 80 80 146 86 130 74 133 66 66 116 92 74 137 106 106 134 118 92 161 74 133 108 139 66 109 94 105 82 91 98 100 70 111 66 110 142 123 116 146 162 110 112 105 106 138 162 132 134 81 112 98 82 80 156 108 138 82 116 91 106 159 114 129 146 152 152 151 118 146 150 120 138 129 116 114 74 104 130 141 74 66 150 141 66 
71 127 122 119 147 117 87 119 117 77 69 83 91 149 127 135 150 119 164 67 141 113 125 143 67 71 70 79 81 87 111 155 152 149 97 119 146 83 109 67 143 107 132 79 107 139 151 79 122 67 124 99 92 103 142 163 126 131 141 147 76 79 110 103 67 155 96 99 94 97 135 95 73 127 117 127 97 131 146 67 82 149 132 151 122 81 79 103 101 117 75 143 125 101 127 83 104 155 104 67 
129 86 142 68 128 142 82 80 88 108 76 108 81 122 163 140 112 146 109 108 94 68 120 116 93 88 103 136 74 128 114 124 68 90 148 100 103 82 81 68 121 122 139 156 93 100 98 128 81 68 150 80 98 122 148 164 137 130 155 128 88 160 141 88 78 72 114 84 103 108 136 80 123 98 68 164 136 152 73 68 130 160 95 108 123 102 99 156 139 128 130 148 150 126 68 160 71 144 140 68 
72 69 86 157 104 131 131 77 111 119 95 69 127 69 89 149 145 91 141 109 147 99 88 157 119 83 137 129 101 79 99 161 165 77 114 77 69 89 92 109 115 95 156 81 159 75 121 157 92 69 126 117 132 73 134 133 117 151 122 149 122 73 132 133 114 79 92 165 155 129 122 157 142 101 119 93 162 91 154 149 118 101 93 81 159 155 91 81 102 89 79 117 106 125 74 69 92 127 150 69 
109 90 92 114 160 82 159 70 162 120 84 82 118 120 100 166 88 90 110 130 151 138 159 98 95 142 89 130 164 150 152 98 79 112 70 166 80 140 95 70 105 110 156 94 90 82 158 122 134 120 142 146 85 114 115 122 110 154 166 70 75 102 120 78 110 160 158 146 102 70 97 126 127 96 145 90 142 82 86 90 165 138 121 150 90 150 80 162 153 130 136 118 86 70 115 118 163 168 100 70 
84 91 124 131 81 115 86 155 156 91 90 115 139 111 86 83 98 93 94 131 112 159 106 107 71 103 133 143 158 111 122 163 148 71 91 131 87 109 107 71 170 75 80 119 81 83 92 75 108 71 101 71 154 71 71 111 160 139 154 131 111 91 132 135 106 163 111 75 119 141 143 87 140 123 121 151 73 93 116 131 96 149 76 155 111 103 149 167 137 81 105 147 160 85 136 71 87 149 132 71 
165 126 140 112 167 98 138 84 75 162 127 100 156 150 162 156 130 146 107 112 164 124 117 132 72 136 111 136 87 82 79 112 168 152 117 72 166 124 153 132 130 132 119 100 137 166 119 156 166 72 160 120 167 142 142 148 153 72 151 72 157 136 158 88 152 152 77 152 114 112 87 112 99 74 97 140 138 74 145 112 166 92 153 140 102 160 142 144 132 132 144 116 93 136 157 108 95 140 169 72 
115 161 108 141 98 99 82 125 157 113 98 145 99 123 163 165 86 125 94 113 145 135 145 129 73 125 159 113 114 123 130 149 140 145 168 125 166 131 155 153 78 167 134 149 83 115 84 153 158 123 109 117 102 83 83 81 98 113 121 113 101 111 150 117 158 141 151 165 115 143 131 169 150 145 123 157 105 123 101 133 107 111 110 121 133 169 79 89 86 113 103 141 82 153 138 141 135 147 136 73 
171 146 110 86 109 152 162 102 89 114 99 118 145 90 79 98 159 104 85 74 150 140 96 126 124 96 106 114 91 74 138 82 163 172 129 114 106 168 113 94 119 144 164 114 119 144 94 114 85 124 109 146 123 166 104 90 121 140 126 154 118 160 105 170 169 130 111 170 122 104 157 122 117 156 149 98 161 120 116 94 173 134 138 130 99 116 150 106 150 114 154 130 142 172 84 150 156 114 106 74 
129 143 135 155 95 127 162 99 113 135 94 91 87 165 135 139 134 109 89 95 83 105 143 147 75 117 166 99 95 165 89 79 121 173 145 87 87 151 99 75 125 139 77 131 110 77 144 75 83 125 164 159 78 105 110 115 148 125 90 155 121 161 120 163 165 91 103 75 108 95 127 79 113 153 100 83 162 103 107 135 135 85 165 75 125 157 166 167 109 125 170 167 145 101 85 139 114 85 139 75 
92 114 157 100 106 100 123 152 117 126 165 168 78 82 151 124 117 134 130 96 156 84 77 152 76 102 161 112 172 146 153 140 92 146 161 80 139 170 147 156 125 96 137 148 106 96 153 136 143 126 130 160 130 148 166 92 83 86 106 136 138 90 98 152 91 170 118 92 157 76 95 144 150 96 126 160 145 94 100 76 153 80 89 108 81 162 158 136 156 106 122 84 108 162 101 120 109 132 122 76 
88 125 106 97 157 81 154 85 92 107 113 137 91 171 117 89 98 99 162 117 96 97 136 137 77 89 117 117 92 117 159 101 135 89 172 117 78 97 111 117 128 107 138 165 92 119 120 125 110 127 88 121 96 79 82 109 103 155 138 97 118 135 139 117 87 97 112 137 95 107 82 161 155 83 152 109 172 85 108 77 119 83 96 133 117 153 175 169 172 137 127 121 107 113 92 105 147 131 99 77 
88 98 88 146 133 96 127 174 121 108 116 90 157 94 173 98 117 146 151 118 141 90 126 90 153 118 145 110 120 108 147 142 153 108 138 98 113 110 123 78 105 130 155 102 83 88 84 98 134 78 88 142 159 92 133 98 145 150 157 78 105 164 176 154 103 106 171 110 160 128 160 118 92 142 78 138 165 84 106 138 144 86 151 106 128 126 117 126 153 148 141 134 111 142 148 150 91 132 110 78 
134 99 106 115 164 87 133 175 173 119 127 119 85 89 104 175 104 107 128 119 98 145 137 143 154 123 124 151 102 139 91 99 117 163 149 99 122 167 92 99 112 115 155 135 119 169 139 175 98 129 126 155 149 123 129 127 121 91 102 99 109 135 166 123 159 163 148 151 96 89 87 83 120 141 129 103 154 121 115 99 123 159 80 79 159 121 85 103 136 149 151 95 170 139 94 115 144 103 165 79 
122 118 107 92 170 174 151 156 83 160 119 124 95 168 125 136 159 102 126 160 173 126 152 100 105 138 158 116 169 110 131 148 147 94 125 92 135 104 116 140 173 92 171 108 80 162 94 124 92 80 113 168 130 166 115 132 165 92 110 100 170 88 165 88 115 84 136 108 141 170 171 160 129 128 105 120 80 98 108 120 121 126 113 132 175 176 168 104 118 110 160 172 111 130 125 84 175 116 83 80 
116 111 82 161 171 147 143 137 152 101 144 89 119 147 121 157 121 93 118 161 154 141 106 113 131 159 122 133 164 121 122 165 83 135 151 161 102 151 89 81 125 123 143 125 176 153 101 125 175 81 82 105 171 135 136 85 176 175 151 101 135 99 108 105 151 135 87 141 94 81 125 89 85 109 156 89 128 83 108 121 142 121 116 165 101 103 116 125 148 151 97 169 178 155 151 133 103 85 86 81 
161 172 124 170 132 176 146 118 116 172 140 142 146 116 127 154 181 140 175 102 92 92 137 158 157 136 122 146 124 102 89 90 88 180 172 114 117 112 117 142 171 86 172 90 122 102 143 114 167 82 127 130 113 82 137 154 155 150 132 142 173 110 118 94 97 120 154 170 141 172 140 138 90 96 107 102 111 156 162 142 161 162 145 174 157 108 94 138 173 142 82 134 143 156 122 118 156 134 126 82 
168 169 117 83 133 153 83 159 109 133 134 135 167 85 138 127 172 157 176 123 135 119 157 111 158 89 126 123 169 143 113 163 93 181 123 155 131 127 146 123 166 153 115 103 153 159 87 151 145 83 107 171 135 151 123 179 133 165 100 83 87 173 101 123 148 167 177 159 164 83 157 151 168 133 83 115 148 91 127 103 105 159 83 127 83 105 161 83 144 133 148 99 170 139 158 119 94 113 92 83 
182 100 153 164 84 142 183 164 102 94 126 88 116 118 84 152 84 132 140 104 173 160 145 88 84 84 95 132 179 94 141 112 91 142 84 172 119 116 141 84 93 164 129 180 129 174 150 104 135 134 86 104 134 94 159 152 154 130 164 144 174 98 162 112 99 88 151 108 147 114 166 160 177 124 159 108 136 176 152 104 90 178 148 172 179 164 85 120 122 144 116 84 171 114 104 176 174 102 173 84 
168 155 143 137 120 141 107 169 106 85 145 97 161 157 115 149 178 93 174 105 161 85 94 105 160 179 144 117 166 155 113 89 125 87 150 85 115 129 145 145 135 143 157 161 115 151 144 173 88 85 150 177 136 151 150 125 159 133 116 145 93 91 180 105 135 115 140 85 144 105 92 121 174 103 110 141 173 111 170 125 163 89 108 153 120 93 111 177 184 155 120 177 123 155 170 173 101 179 172 85 
151 164 122 162 96 92 106 102 131 106 160 90 111 108 86 118 104 110 155 146 173 156 143 102 86 170 174 134 112 146 105 150 155 122 126 90 104 126 133 126 123 96 178 154 151 184 154 162 159 136 88 102 175 158 166 158 116 162 132 106 99 184 92 146 141 126 95 170 151 136 173 170 148 92 111 182 119 116 157 146 181 166 144 142 176 154 105 114 133 176 126 146 175 154 101 118 124 108 126 86 
125 91 127 135 132 111 174 127 169 147 148 123 181 109 162 115 92 129 163 87 142 99 154 103 112 95 135 147 182 147 164 155 136 119 137 139 156 125 171 87 163 151 113 155 157 125 101 131 90 137 100 91 102 89 132 131 117 163 130 107 152 157 167 147 167 133 124 87 107 117 96 103 97 155 137 167 171 133 178 127 179 103 123 99 182 115 122 155 175 167 121 163 172 129 132 143 99 109 104 87 
166 108 130 92 173 178 157 128 116 138 138 160 167 144 123 176 126 134 101 128 130 150 147 180 138 178 136 148 156 168 141 144 96 174 163 144 116 102 151 148 113 128 94 96 148 186 123 132 141 138 139 124 148 168 143 104 153 118 176 88 94 146 163 180 173 144 156 152 140 168 135 132 155 128 113 144 177 170 120 88 151 98 165 108 183 94 118 92 181 108 151 184 142 184 158 104 175 144 113 88 
109 121 136 113 129 153 187 101 112 119 135 165 110 125 164 97 104 149 117 149 104 113 125 181 114 115 134 177 164 129 163 181 186 107 159 93 98 163 105 169 158 113 186 93 119 169 166 169 92 89 150 97 112 169 99 109 168 151 135 169 89 97 96 145 119 111 112 149 126 99 174 141 138 139 114 109 92 139 156 149 165 133 162 117 149 187 152 121 184 99 92 137 92 135 109 125 137 169 141 89 
188 136 145 122 185 114 128 118 178 110 99 178 123 164 170 174 133 132 159 90 168 136 168 142 165 120 110 130 105 170 133 170 110 118 150 130 130 152 94 170 158 166 128 162 165 186 96 130 137 140 136 174 109 122 95 142 108 116 143 110 176 148 147 186 110 122 96 154 90 100 145 178 134 104 90 146 176 104 165 150 91 114 178 94 145 96 127 114 118 170 136 94 108 180 140 138 136 126 185 90 
161 137 110 163 186 107 144 159 156 91 150 131 123 127 136 131 188 103 134 131 101 175 101 155 141 139 142 147 172 161 96 171 157 173 151 147 149 163 170 151 147 103 148 111 96 179 98 123 125 141 108 99 187 151 166 131 178 143 181 131 153 105 100 95 161 147 96 187 131 101 115 127 95 127 166 127 151 97 106 131 181 93 127 95 136 101 154 99 172 151 131 151 187 117 146 151 147 161 107 91 
146 164 110 96 177 160 116 176 140 182 161 144 92 186 112 164 110 146 159 172 135 186 93 172 92 96 119 160 124 162 127 132 144 188 167 120 154 114 187 132 122 188 93 152 97 168 161 108 182 142 140 176 117 112 97 116 170 156 109 132 139 152 148 180 137 170 172 160 112 172 189 176 121 130 167 164 124 190 155 132 170 156 140 128 172 186 188 152 97 102 169 112 184 96 157 124 178 184 109 92 
144 171 96 145 183 111 148 149 147 113 107 153 94 185 173 185 169 121 175 173 190 153 108 105 93 173 104 149 143 113 128 153 179 175 148 129 153 143 102 153 131 155 134 109 93 107 157 157 129 93 159 141 160 161 148 161 152 175 140 113 159 159 129 181 158 139 147 133 177 123 190 173 142 95 143 161 192 181 169 153 130 97 155 113 108 137 178 153 189 153 100 125 146 95 98 165 154 139 137 93 
123 144 144 182 124 124 130 162 171 94 102 142 172 158 139 178 154 190 102 94 130 108 134 114 94 136 172 106 168 104 124 182 94 132 124 138 104 144 140 94 185 102 134 118 134 108 156 182 125 94 104 162 156 104 124 94 156 178 188 134 109 110 108 146 119 186 130 142 107 154 132 118 150 124 94 182 177 138 109 174 125 150 120 98 109 130 127 150 162 184 169 190 151 188 119 142 145 186 109 94 
181 105 189 159 140 181 159 183 137 165 177 131 112 171 190 111 126 149 96 95 105 123 167 119 170 101 194 135 150 125 160 147 165 187 135 99 152 99 154 175 145 117 112 187 120 131 118 147 160 145 141 175 130 101 120 167 101 193 118 115 123 103 95 175 175 111 133 103 180 185 142 171 137 113 145 143 161 167 119 135 168 135 135 159 135 155 120 179 101 185 122 107 150 169 140 179 188 111 144 95 
188 138 115 156 106 98 110 120 193 136 143 96 132 122 186 136 100 190 158 156 118 166 194 164 171 182 181 108 128 156 146 188 156 152 126 184 152 192 117 176 101 172 184 140 126 192 130 124 132 96 134 156 150 128 156 108 129 154 174 116 170 194 175 96 126 178 177 120 102 126 120 144 167 106 96 108 166 116 187 116 187 178 187 140 171 126 184 104 117 186 149 120 191 162 161 132 188 194 137 96 
97 113 158 149 107 129 130 125 178 157 141 101 191 165 192 185 114 181 113 157 103 105 195 141 147 195 177 105 111 137 161 169 148 103 162 121 100 133 117 117 156 129 120 165 162 123 176 117 140 97 143 157 170 115 102 149 177 149 113 117 120 191 176 153 172 191 141 141 194 167 178 161 104 187 147 101 192 177 185 97 107 105 169 125 142 163 99 161 177 157 174 157 149 163 132 177 124 131 130 97 
139 192 102 134 123 178 164 154 186 128 194 194 184 194 178 150 101 146 195 178 165 194 140 130 123 122 120 130 105 118 192 110 173 172 103 158 152 140 166 118 128 110 166 194 128 192 141 194 164 98 124 110 190 184 183 118 139 182 187 98 127 118 116 162 168 114 146 178 120 188 148 130 116 130 98 134 160 110 144 178 153 98 139 138 98 172 99 162 126 178 98 134 137 174 103 182 189 120 150 98 
183 197 168 171 114 159 147 187 174 149 118 115 169 117 104 123 118 127 129 139 122 109 182 131 124 193 169 159 140 99 186 155 120 125 124 139 190 159 115 139 160 147 134 163 169 183 139 103 111 99 154 115 177 147 169 143 183 161 154 179 128 139 163 151 179 177 125 99 165 109 187 191 170 147 149 111 146 173 152 139 130 181 189 103 159 115 136 111 166 129 117 171 153 163 109 163 149 195 195 99 
125 184 164 192 150 176 152 184 150 140 127 108 113 118 185 188 166 194 103 160 167 138 185 196 125 112 135 180 138 150 183 116 188 166 175 144 125 190 105 100 123 102 172 184 170 116 170 140 123 150 166 164 116 180 110 188 149 178 165 160 125 178 103 196 130 186 155 168 141 160 121 148 161 176 150 188 189 112 167 140 180 166 161 176 165 122 127 196 132 130 173 172 143 130 120 120 160 148 199 100 
