10
10
10
26 61 71 41 41 37 15 65 48 21 
41 66 20 90 62 16 30 22 16 62 
52 43 8 47 63 19 24 51 76 33 
99 44 32 56 94 60 62 68 72 64 
84 47 34 41 90 55 50 89 70 55 
47 76 79 34 46 6 20 50 78 96 
71 71 65 35 42 83 16 11 45 47 
32 76 90 88 98 6 24 16 63 48 
70 23 28 93 4 65 95 29 49 89 
81 94 10 90 15 20 54 10 91 0 
36 69 39 65 41 95 21 97 11 41 
10 8 23 98 32 56 78 98 76 32 
62 89 57 39 58 11 51 59 27 23 
56 78 82 68 19 62 48 68 14 74 
72 3 57 25 90 81 80 17 52 35 
99 0 56 98 26 96 29 70 29 86 
88 13 28 39 2 43 70 23 77 27 
50 88 43 16 88 90 29 64 8 48 
60 25 48 29 44 69 80 17 4 9 
48 74 23 26 70 88 17 58 12 10 
